#Ship one (main, starter ship)
ship.1.width=0.095312
ship.1.height=0.169444
ship.1.y=0.05555555555
ship.1.step.mouse=0.0046296
ship.1.step.key=0.277777
ship.1.texture=ship.png